27
1 25481U 98053G   19033.47440814  .00000036  00000-0  64137-4 0  9997
2 25481  45.0079  67.7595 0003510 263.4950  96.5497 14.32754309 63731
3
1 25158U 98007B   19032.93281479 +.00000037 +00000-0 +65325-4 0  9998
2 25158 108.0022 059.2417 0050185 325.0983 034.6868 14.29348759091202
4
1 25159U 98007C   19032.94584488 +.00000134 +00000-0 +10275-3 0  9997
2 25159 108.0014 060.7583 0045546 324.4135 035.3967 14.29618146091356
34
1 25986U 99065G   19033.68986118  .00000015  00000-0  56620-4 0  9991
2 25986  45.0392 244.5264 0002827 291.5370  68.5175 14.32695896  1060
20
1 25416U 98046D   19033.29907814 -.00000027  00000-0  41330-4 0  9996
2 25416  44.9971 341.8738 0002166 319.3748  40.6936 14.32790835 70320
5
1 25117U 97084F   19033.18844742  .00000036  00000-0  57583-4 0  9999
2 25117  45.0168 284.7589 0003446  34.9153 325.1921 14.38837406105998
30
1 25980U 99065A   19033.52302867 -.00000011  00000-0  47139-4 0  9993
2 25980  45.0316 241.3154 0005626 309.8967  50.1385 14.32731135  1043
15
1 25418U 98046F   19032.89860927 +.00000009 +00000-0 +54233-4 0  9991
2 25418 045.0003 345.6927 0003141 244.5776 143.9236 14.32821082070134
7
1 25119U 97084H   19032.92313641 +.00000111 +00000-0 +81852-4 0  9991
2 25119 045.0161 286.0330 0005056 023.4794 336.6285 14.38838220105934
21
1 25475U 98053A   19033.44622533  .00000074  00000-0  78016-4 0  9990
2 25475  45.0106  67.1139 0002951 246.9777 113.0758 14.32783182 63617
10
1 25113U 97084B   19032.89794580 +.00000127 +00000-0 +86839-4 0  9993
2 25113 045.0176 286.3928 0007140 020.7424 339.3713 14.38846104280947
31
1 25981U 99065B   19032.88346289 +.00000037 +00000-0 +64639-4 0  9999
2 25981 045.0229 239.6340 0003645 343.1495 016.9229 14.32724263000051
14
1 25419U 98046G   19032.91076442 +.00000039 +00000-0 +65155-4 0  9994
2 25419 044.9999 345.4462 0001951 262.3856 140.2807 14.32826995070135
36
1 25984U 99065E   19032.94349555 -.00000144 +00000-0 -12727-5 0  9991
2 25984 045.0386 246.9954 0001541 206.9162 153.1605 14.32707358000485
8
1 25112U 97084A   19033.20013367  .00000074  00000-0  69899-4 0  9993
2 25112  45.0162 283.6474 0009135  46.8128 313.3482 14.38869239106017
25
1 25479U 98053E   19033.46429285  .00000043  00000-0  66859-4 0  9993
2 25479  45.0097  67.7979 0004589 203.7289 156.3346 14.32778730 63746
6
1 25118U 97084G   19033.67139892  .00000031  00000-0  56108-4 0  9994
2 25118  45.0164 282.3057 0003445  39.1517 343.9251 14.38854806106065
24
1 25478U 98053D   19033.48783985 -.00000003  00000-0  50000-4 0  9992
2 25478  45.0105  69.1939 0002807 233.6583 126.4005 14.32763202 63734
13
1 25420U 98046H   19033.35024977 -.00000027  00000-0  41395-4 0  9999
2 25420  45.0003 344.1227 0003254 218.5456 141.5158 14.32741037 70391
32
1 25982U 99065C   19033.05488884  .00000013  00000-0  56620-4 0  9993
2 25982  45.0171 240.4681 0005903 341.0844  18.9782 14.32008450   936
23
1 25477U 98053C   19033.55366219  .00000037  00000-0  64586-4 0  9996
2 25477  45.0107  67.5930 0002555 224.4550 135.6092 14.32664359 63775
11
1 25114U 97084C   19033.09792521  .00000082  00000-0  72477-4 0  9993
2 25114  45.0159 284.6909 0007769  22.3219 337.7966 14.38824217105989
28
1 25482U 98053H   19033.41631457 -.00000092  00000-0  17660-4 0  9999
2 25482  45.0102  15.8405 0004927 240.3953 119.6403 14.33527407 64400
16
1 25417U 98046E   19033.43512436  .00000011  00000-0  54928-4 0  9994
2 25417  44.9974 342.7587 0003098 235.5464 124.5089 14.33048056 70384
33
1 25983U 99065D   19033.73764097 -.00000010  00000-0  45880-4 0  9996
2 25983  45.0293 191.7890 0007731 304.5149 138.5516 14.34975678  1690
17
1 25413U 98046A   19033.17139741 -.00000032  00000-0  40858-4 0  9996
2 25413  44.9971  22.2463 0002017 239.9305 120.1340 14.30779100 69829
12
1 25115U 97084D   19032.86846868 +.00000060 +00000-0 +65494-4 0  9999
2 25115 045.0168 285.5595 0006826 022.4190 337.6956 14.38849996105735
22
1 25476U 98053B   19033.46290468  .00000018  00000-0  57563-4 0  9993
2 25476  45.0101  67.1115 0002482 209.3191 150.7516 14.32870555 63609
18
1 25414U 98046B   19032.92224606 +.00000000 +00000-0 +51124-4 0  9996
2 25414 044.9971 343.0393 0002771 211.5094 148.5586 14.32821888070140
35
1 25985U 99065F   19032.91226862 +.00000034 +00000-0 +63563-4 0  9993
2 25985 045.0397 248.6558 0003413 352.0156 008.0636 14.32758808000762
19
1 25415U 98046C   19032.95282373 -.00000018 +00000-0 +44481-4 0  9993
2 25415 044.9975 343.2775 0001453 225.1264 183.5882 14.32784585070147
9
1 25116U 97084E   19032.87451010 +.00000039 +00000-0 +58482-4 0  9997
2 25116 045.0173 286.1029 0007923 010.0151 350.0854 14.38857559105921
26
1 25480U 98053F   19033.46111805  .00000034  00000-0  63635-4 0  9990
2 25480  45.0092  58.1034 0007200 212.1686 147.8722 14.32600205 63831
107
1 40087U 14040B   19033.50534839  .00000006  00000-0  39659-4 0  9993
2 40087  47.0057 159.2878 0001936 132.8409 227.2638 14.54765343242235
109
1 40086U 14040A   19033.48289172  .00000004  00000-0  39133-4 0  9991
2 40086  47.0037 158.8766 0001871 119.4845 240.6225 14.54762811242234


